2,14
2,13
2,12
2,11
2,10
2,9
2,7
2,8
2,6
2,5
2,4
2,2
2,1
2,0
2,3
1,3
1,2
1,1
1,0
0,501
0,500
0,499
0,498
0,497
0,531
0,530
0,529
0,528
0,496
0,495
0,494
0,493
0,492
0,491
0,490
0,489
0,488
0,487
0,486
0,485
0,484
0,483
0,482
0,481
0,527
0,526
0,525
0,524
0,523
0,522
0,521
0,520
0,480
0,479
0,478
0,477
0,476
0,475
0,474
0,473
0,519
0,518
0,517
0,516
0,515
0,514
0,472
0,471
0,470
0,469
0,468
0,467
0,466
0,465
0,464
0,463
0,462
0,461
0,460
0,459
0,458
0,457
0,456
0,455
0,454
0,453
0,452
0,451
0,450
0,449
0,513
0,448
0,442
0,440
0,439
0,408
0,322
0,243
0,9
0,1
0,0
0,512
0,372
0,356
0,354
0,334
0,325
0,318
0,313
0,447
0,437
0,431
0,427
0,310
0,305
0,444
0,308
0,304
0,303
0,302
0,307
0,441
0,12
0,438
0,10
0,8
0,404
0,300
0,299
0,432
0,298
0,403
0,297
0,402
0,296
0,401
0,295
0,400
0,294
0,436
0,293
0,292
0,399
0,291
0,398
0,290
0,397
0,289
0,396
0,288
0,430
0,287
0,429
0,286
0,395
0,285
0,394
0,284
0,393
0,283
0,392
0,282
0,428
0,281
0,280
0,391
0,279
0,390
0,278
0,277
0,388
0,276
0,387
14,3
3,0
3,2
3,3
3,5
3,6
4,0
4,2
4,3
5,0
5,1
57,22
5,4
5,5
57,125
6,0
6,2
6,3
7,0
7,2
57,5
7,3
7,4
41,3
8,1
8,2
8,3
34,3
9,1
9,2
57,31
49,7
49,8
9,6
10,0
10,2
57,117
10,3
10,5
11,0
11,2
57,115
11,3
11,5
12,0
12,2
57,114
12,3
13,0
13,1
57,93
57,90
14,0
14,2
14,4
14,5
14,6
15,0
15,1
57,92
15,3
15,4
15,6
15,7
16,0
16,2
57,97
16,3
16,4
17,1
17,2
57,101
17,4
17,5
18,0
18,1
57,102
57,103
57,99
57,106
57,100
57,109
57,107
57,112
57,30
18,3
18,5
19,0
19,2
57,68
19,3
20,1
20,2
57,32
20,4
21,0
21,2
57,10
21,4
21,5
22,0
22,2
57,74
22,4
23,0
23,2
57,82
23,3
24,1
24,2
57,34
57,88
24,4
25,1
25,2
57,87
25,3
26,0
26,2
57,89
26,4
26,5
27,1
27,2
27,3
27,5
28,0
28,2
57,8
28,3
28,5
29,0
29,2
57,18
29,4
29,5
30,0
30,2
57,66
30,4
30,5
31,1
57,72
31,3
31,5
31,6
31,8
32,1
32,2
32,3
32,4
33,1
33,2
33,3
33,5
34,0
34,2
57,33
35,0
35,2
57,9
35,3
35,4
35,6
35,7
35,9
36,1
36,2
57,80
36,3
37,0
37,2
57,21
37,4
37,5
37,7
37,8
38,1
57,6
38,3
38,5
38,6
38,7
39,1
39,2
57,81
39,3
39,5
39,7
39,8
40,1
40,2
57,120
57,24
40,4
40,6
41,0
41,2
41,4
41,6
57,65
41,7
41,9
41,10
41,12
42,0
42,2
57,23
42,3
42,5
42,6
43,1
57,118
57,15
57,16
57,64
43,4
44,0
44,2
57,78
57,79
57,7
44,3
45,1
57,67
45,3
46,0
46,1
57,27
57,28
57,29
46,4
47,0
47,2
57,121
57,76
57,124
57,123
47,3
47,4
47,6
47,8
47,9
48,0
48,1
48,3
48,4
49,1
50,0
50,1
51,0
51,1
51,3
52,0
52,1
52,3
52,4
52,6
53,0
53,2
53,4
53,5
53,7
54,0
54,2
54,4
55,0
55,2
55,3
55,5
56,0
56,2
56,4
56,5
56,7
57,0
57,2
57,146
57,147
57,149
57,150
57,152
57,154
57,155
57,157
57,158
57,160
57,161
58,0
58,2
58,3
59,1
59,2
59,4
59,6
59,7
59,9
59,10
60,0
60,1
60,3
60,5
60,6
61,1
61,2
61,3
61,0
60,4
60,2
59,11
59,8
59,5
59,3
59,0
58,1
57,162
57,159
57,156
57,153
57,151
57,148
57,145
57,1
56,6
56,3
56,1
55,4
55,1
54,3
54,1
53,6
53,3
53,1
52,5
52,2
51,4
51,2
50,2
49,2
49,0
48,2
47,10
47,7
47,5
57,144
57,35
57,77
47,1
46,3
57,13
46,2
45,4
45,2
45,0
57,12
57,73
44,1
43,3
57,19
43,2
43,0
42,4
57,17
42,1
41,11
41,8
57,70
41,5
41,1
40,5
40,3
57,11
40,0
39,6
39,4
57,119
39,0
57,122
38,4
38,2
38,0
37,6
37,3
37,1
36,4
57,84
36,0
35,8
35,5
57,71
35,1
57,85
34,1
33,4
57,14
33,0
57,83
32,0
31,7
31,4
31,2
31,0
30,3
30,1
29,6
29,3
29,1
28,4
57,20
28,1
27,4
57,25
27,0
26,3
26,1
25,4
57,86
25,0
24,3
57,26
24,0
57,75
23,1
22,3
22,1
21,6
21,3
21,1
20,3
57,69
20,0
57,128
19,1
18,4
57,111
57,110
57,108
57,105
57,104
18,2
17,6
17,3
57,98
17,0
57,95
16,1
15,8
15,5
57,96
15,2
14,7
57,94
14,1
13,3
13,2
12,4
57,91
12,1
11,4
57,116
11,1
10,4
57,113
10,1
9,5
9,4
49,4
9,0
49,6
8,0
7,5
49,5
7,1
50,3
6,1
49,3
5,3
5,2
57,3
4,1
9,3
3,4
3,1
0,275
0,386
0,274
0,385
0,273
0,426
0,272
0,425
0,271
0,384
0,270
0,383
0,269
0,382
0,268
0,381
0,267
0,424
0,266
0,423
0,265
0,380
0,264
0,379
0,263
0,378
0,262
0,377
0,261
0,422
0,260
0,421
0,259
0,376
0,258
0,375
0,257
0,374
0,256
0,373
0,255
0,435
0,254
0,420
0,253
0,409
0,252
0,371
0,251
0,370
0,250
0,369
0,249
0,368
0,248
0,367
0,247
0,366
0,246
0,365
0,245
0,364
0,244
0,363
0,242
0,434
0,241
0,419
0,240
0,362
0,239
0,361
0,238
0,360
0,237
0,359
0,236
0,358
0,235
0,357
0,234
0,233
0,433
0,232
0,418
0,231
0,355
0,230
0,229
0,353
0,228
0,352
0,227
0,226
0,416
0,225
0,351
0,224
0,350
0,223
0,349
0,222
0,348
0,221
0,347
0,220
0,346
0,219
0,345
0,218
0,415
0,217
0,414
0,216
0,344
0,215
0,343
0,214
0,342
0,213
0,341
0,212
0,413
0,211
0,412
0,210
0,340
0,209
0,339
0,208
0,338
0,207
0,337
0,206
0,336
0,205
0,335
0,204
0,417
0,203
0,411
0,202
0,410
0,201
0,333
0,200
0,332
0,199
0,331
0,198
0,330
0,197
0,196
0,407
0,195
0,329
0,194
0,328
0,193
0,327
0,192
0,326
0,63
0,406
0,62
0,405
0,61
0,446
0,60
0,324
0,59
0,323
0,58
0,321
0,57
0,320
0,56
0,319
0,55
0,389
0,54
0,317
0,53
0,316
0,52
0,315
0,51
0,314
0,50
0,445
0,49
0,312
0,48
0,311
0,47
0,309
0,46
0,306
0,45
0,301
0,6
0,5
0,443
0,11
0,4
0,2
0,3
0,7
