2,3
2,2
2,1
2,0
1,3
1,2
1,1
1,0
0,570
0,569
0,568
0,567
0,566
0,565
0,564
0,563
0,562
0,561
0,560
0,559
0,558
0,557
0,556
0,555
0,554
0,553
0,552
0,551
0,550
0,549
0,548
0,547
0,546
0,545
0,544
0,543
0,542
0,541
0,540
0,539
0,538
0,537
0,536
0,535
0,534
0,533
0,532
0,531
0,530
0,529
0,528
0,527
0,526
0,525
0,524
0,523
0,522
0,521
0,520
0,519
0,518
0,517
0,516
0,515
0,514
0,513
0,512
0,501
0,500
0,499
0,498
0,497
0,496
0,495
0,494
0,493
0,492
0,491
0,490
0,489
0,488
0,487
0,486
0,485
0,484
0,483
0,482
0,481
0,480
0,479
0,478
0,477
0,476
0,475
0,474
0,473
0,472
0,471
0,442
0,440
0,439
0,431
0,413
0,408
0,407
0,387
0,322
0,311
0,243
0,9
0,1
0,0
0,310
0,305
0,444
0,308
0,304
0,303
0,302
0,307
0,441
0,12
0,438
0,10
0,8
0,340
0,300
0,435
0,299
0,418
0,298
0,394
0,297
0,429
0,296
0,401
0,295
0,368
0,294
0,422
0,293
0,331
0,292
0,318
0,291
0,343
0,290
0,317
0,289
0,329
0,288
0,335
0,287
0,342
0,286
0,356
0,285
0,320
0,284
0,313
0,283
0,434
0,282
0,364
0,281
0,301
0,280
0,380
0,279
0,319
0,278
0,362
0,277
2,4
2,5
2,7
2,8
2,10
2,11
2,13
3,0
3,1
3,3
3,4
3,6
4,1
4,2
5,0
5,1
5,3
5,4
6,0
6,2
6,3
7,1
7,2
7,4
8,0
8,1
8,3
9,0
9,2
9,3
9,5
10,0
10,1
10,3
10,4
11,0
11,2
11,3
11,5
12,0
12,2
12,3
13,0
13,2
13,3
14,1
14,2
14,4
14,6
14,7
15,1
15,2
15,4
15,6
15,7
16,0
16,1
16,3
16,4
17,1
17,3
17,4
17,6
18,0
18,2
18,4
18,5
19,1
19,2
19,4
19,5
19,7
19,9
19,10
19,12
20,0
20,2
20,4
21,0
21,2
21,3
21,5
21,6
22,1
22,3
22,4
23,1
23,2
24,0
24,2
24,3
25,0
25,1
25,3
26,0
26,1
26,3
26,4
27,0
27,1
27,3
27,5
28,0
28,2
28,3
28,5
29,1
29,2
29,4
29,5
30,0
30,1
30,3
30,5
31,0
31,2
31,3
31,5
31,7
31,8
32,1
32,2
32,4
33,0
33,2
33,4
33,5
34,1
34,2
35,0
35,2
35,3
35,5
35,6
35,8
35,9
36,1
36,3
36,4
37,1
37,2
37,4
37,6
37,7
38,0
38,1
38,3
38,5
38,6
39,0
39,1
39,3
39,4
39,6
39,8
40,0
40,2
40,3
40,5
41,0
41,1
41,3
41,4
41,6
41,7
41,9
41,11
41,12
42,1
42,2
42,4
42,6
43,0
43,2
43,3
44,0
44,1
44,3
45,1
45,2
45,4
46,0
46,2
46,4
47,0
47,2
47,3
47,5
47,7
47,8
47,10
48,0
48,2
48,3
49,0
49,2
49,3
49,5
49,6
49,8
50,1
50,2
51,0
51,1
51,3
51,4
52,1
52,3
52,4
52,6
53,0
53,2
53,4
53,5
53,7
54,0
54,2
54,3
55,0
55,2
55,3
55,5
56,0
56,2
56,4
56,5
56,7
57,0
57,2
57,3
57,6
57,8
57,9
57,11
57,12
57,14
57,16
57,17
57,19
57,20
57,23
57,25
57,26
57,28
57,29
57,31
57,32
57,34
57,64
57,65
57,67
57,68
57,70
57,72
57,73
57,75
57,76
57,78
57,79
57,81
57,83
57,84
57,86
57,87
57,89
57,91
57,92
57,94
57,95
57,97
57,98
57,100
57,102
57,103
57,105
57,106
57,108
57,110
57,111
57,113
57,114
57,116
57,118
57,119
57,121
57,122
57,124
57,125
57,127
57,129
57,130
57,132
57,133
57,135
57,137
57,138
57,140
57,141
57,143
57,144
57,164
57,166
57,167
57,169
57,170
57,172
57,174
57,175
57,177
57,178
57,180
57,181
58,1
58,3
59,0
59,2
59,3
59,5
59,7
59,8
59,10
59,11
60,1
60,3
60,4
60,6
61,0
61,2
61,3
61,1
60,5
60,2
60,0
59,9
59,6
59,4
59,1
58,2
58,0
57,179
57,176
57,173
57,171
57,168
57,165
57,163
57,142
57,139
57,136
57,134
57,131
57,128
57,126
57,123
57,120
57,117
57,115
57,112
57,109
57,107
57,104
57,101
57,99
57,96
57,93
57,90
57,88
57,85
57,82
57,80
57,77
57,74
57,71
57,69
57,66
57,35
57,33
57,30
57,27
57,24
57,21
57,18
57,15
57,13
57,10
57,7
57,5
57,1
56,6
56,3
56,1
55,4
55,1
54,4
54,1
53,6
53,3
53,1
52,5
52,2
52,0
51,2
50,3
50,0
49,7
49,4
49,1
48,4
48,1
47,9
47,6
47,4
47,1
46,3
46,1
45,3
45,0
44,2
43,4
43,1
42,5
42,3
42,0
41,10
41,8
41,5
41,2
40,6
40,4
40,1
39,7
39,5
39,2
38,7
38,4
38,2
37,8
37,5
37,3
37,0
36,2
36,0
35,7
35,4
35,1
34,3
34,0
33,3
33,1
32,3
32,0
31,6
31,4
31,1
30,4
30,2
29,6
29,3
29,0
28,4
28,1
27,4
27,2
26,5
26,2
25,4
25,2
24,4
24,1
23,3
23,0
22,2
22,0
21,4
21,1
20,3
20,1
19,11
19,8
19,6
19,3
19,0
18,3
18,1
17,5
17,2
17,0
16,2
15,8
15,5
15,3
15,0
14,5
14,3
14,0
13,1
12,4
12,1
11,4
11,1
10,5
10,2
9,6
9,4
9,1
8,2
7,5
7,3
7,0
6,1
5,5
5,2
4,3
4,0
3,5
3,2
2,14
2,12
2,9
2,6
0,366
0,276
0,402
0,275
0,315
0,274
0,346
0,273
0,427
0,272
0,411
0,271
0,416
0,270
0,437
0,269
0,397
0,268
0,330
0,267
0,396
0,266
0,399
0,265
0,365
0,264
0,395
0,263
0,324
0,262
0,332
0,261
0,312
0,260
0,326
0,259
0,358
0,258
0,257
0,410
0,256
0,373
0,255
0,316
0,254
0,341
0,253
0,383
0,252
0,426
0,251
0,347
0,250
0,353
0,249
0,392
0,248
0,398
0,247
0,325
0,246
0,409
0,245
0,424
0,244
0,363
0,242
0,423
0,241
0,379
0,240
0,239
0,351
0,238
0,328
0,237
0,384
0,236
0,446
0,235
0,417
0,234
0,385
0,233
0,436
0,232
0,376
0,231
0,374
0,230
0,229
0,360
0,228
0,352
0,227
0,386
0,226
0,430
0,225
0,403
0,224
0,420
0,223
0,336
0,222
0,405
0,221
0,377
0,220
0,382
0,219
0,327
0,218
0,419
0,217
0,372
0,216
0,359
0,215
0,306
0,214
0,309
0,213
0,212
0,447
0,211
0,381
0,210
0,428
0,209
0,350
0,208
0,339
0,207
0,321
0,206
0,371
0,205
0,323
0,204
0,393
0,203
0,357
0,202
0,406
0,201
0,348
0,200
0,404
0,199
0,433
0,198
0,425
0,197
0,415
0,196
0,195
0,345
0,194
0,193
0,412
0,192
0,388
0,63
0,391
0,62
0,361
0,61
0,421
0,60
0,344
0,59
0,354
0,58
0,390
0,57
0,337
0,56
0,378
0,55
0,389
0,54
0,432
0,53
0,355
0,52
0,349
0,51
0,314
0,50
0,400
0,49
0,338
0,48
0,47
0,334
0,46
0,333
0,45
0,369
0,6
0,5
0,443
0,11
0,4
0,2
0,3
0,7
